650000	750000	1.64147E-06	-23.79719365	7.686067331	0	0	1.64147E-06	-23.79719365
650200.4008	650200.4008	1.93293E-06	-61.64622267	7.686067331	0	0	1.93293E-06	-61.64622267
650400.8016	650400.8016	1.4082E-06	-21.1742377	7.686067331	0	0	1.4082E-06	-21.1742377
650601.2024	650601.2024	1.14366E-06	-124.6222873	7.686067331	0	0	1.14366E-06	-124.6222873
650801.6032	650801.6032	6.81276E-07	-107.9542875	7.686067331	0	0	6.81276E-07	-107.9542875
651002.004	651002.004	1.98425E-06	-149.5446469	7.686067331	0	0	1.98425E-06	-149.5446469
651202.4048	651202.4048	1.26437E-06	-174.5911208	7.686067331	0	0	1.26437E-06	-174.5911208
651402.8056	651402.8056	1.70078E-06	175.8567822	7.686067331	0	0	1.70078E-06	-184.1432178
651603.2064	651603.2064	1.97623E-06	153.0938108	7.686067331	0	0	1.97623E-06	-206.9061892
651803.6072	651803.6072	2.13717E-06	146.0653645	7.686067331	0	0	2.13717E-06	-213.9346355
652004.008	652004.008	2.80828E-06	133.0930622	7.686067331	0	0	2.80828E-06	-226.9069378
652204.4088	652204.4088	2.75666E-06	111.4418903	7.686067331	0	0	2.75666E-06	-248.5581097
652404.8096	652404.8096	3.42279E-06	114.7651487	7.686067331	0	0	3.42279E-06	-245.2348513
652605.2104	652605.2104	3.69091E-06	111.2933589	7.686067331	0	0	3.69091E-06	-248.7066411
652805.6112	652805.6112	3.09183E-06	95.30504296	7.686067331	0	0	3.09183E-06	-264.694957
653006.012	653006.012	3.45758E-06	83.66641788	7.686067331	0	0	3.45758E-06	-276.3335821
653206.4128	653206.4128	3.75521E-06	69.43307719	7.686067331	0	0	3.75521E-06	-290.5669228
653406.8136	653406.8136	3.11815E-06	70.89097951	7.686067331	0	0	3.11815E-06	-289.1090205
653607.2144	653607.2144	3.15388E-06	69.37459085	7.686067331	0	0	3.15388E-06	-290.6254091
653807.6152	653807.6152	3.12391E-06	66.42747081	7.686067331	0	0	3.12391E-06	-293.5725292
654008.016	654008.016	4.23184E-06	54.05304868	7.686067331	0	0	4.23184E-06	-305.9469513
654208.4168	654208.4168	3.80605E-06	34.66597724	7.686067331	0	0	3.80605E-06	-325.3340228
654408.8176	654408.8176	3.483E-06	16.00723431	7.686067331	0	0	3.483E-06	-343.9927657
654609.2184	654609.2184	2.36417E-06	10.06628907	7.686067331	0	0	2.36417E-06	-349.9337109
654809.6192	654809.6192	1.86164E-06	2.53882948	7.686067331	0	0	1.86164E-06	-357.4611705
655010.02	655010.02	2.20605E-06	-10.54926935	7.686067331	0	0	2.20605E-06	-370.5492693
655210.4208	655210.4208	1.09387E-06	-42.93607164	7.686067331	0	0	1.09387E-06	-402.9360716
655410.8216	655410.8216	1.06503E-06	-15.54360272	7.686067331	0	0	1.06503E-06	-375.5436027
655611.2224	655611.2224	1.41499E-06	3.011903254	7.686067331	0	0	1.41499E-06	-356.9880967
655811.6232	655811.6232	1.45944E-06	1.818818605	7.686067331	0	0	1.45944E-06	-358.1811814
656012.024	656012.024	2.15456E-06	16.26024545	7.686067331	0	0	2.15456E-06	-343.7397546
656212.4248	656212.4248	1.3287E-06	-23.1420944	7.686067331	0	0	1.3287E-06	-383.1420944
656412.8257	656412.8257	9.049E-07	-33.30405024	7.686067331	0	0	9.049E-07	-393.3040502
656613.2265	656613.2265	6.48544E-07	-25.96115645	7.686067331	0	0	6.48544E-07	-385.9611565
656813.6273	656813.6273	9.38659E-07	-80.03766913	7.686067331	0	0	9.38659E-07	-440.0376691
657014.0281	657014.0281	1.49479E-06	-71.59370825	7.686067331	0	0	1.49479E-06	-431.5937082
657214.4289	657214.4289	1.7082E-06	-123.3398601	7.686067331	0	0	1.7082E-06	-483.3398601
657414.8297	657414.8297	1.221E-06	-139.4800592	7.686067331	0	0	1.221E-06	-499.4800592
657615.2305	657615.2305	9.18682E-07	157.7317108	7.686067331	0	0	9.18682E-07	-562.2682892
657815.6313	657815.6313	1.10151E-06	120.3062646	7.686067331	0	0	1.10151E-06	-599.6937354
658016.0321	658016.0321	1.14786E-06	89.96242789	7.686067331	0	0	1.14786E-06	-630.0375721
658216.4329	658216.4329	7.38254E-07	24.30821366	7.686067331	0	0	7.38254E-07	-695.6917863
658416.8337	658416.8337	1.15005E-06	26.5006524	7.686067331	0	0	1.15005E-06	-693.4993476
658617.2345	658617.2345	1.05079E-06	58.98674626	7.686067331	0	0	1.05079E-06	-661.0132537
658817.6353	658817.6353	5.29883E-07	-11.59555736	7.686067331	0	0	5.29883E-07	-731.5955574
659018.0361	659018.0361	1.14812E-06	26.78003578	7.686067331	0	0	1.14812E-06	-693.2199642
659218.4369	659218.4369	1.43221E-06	-28.36758686	7.686067331	0	0	1.43221E-06	-748.3675869
659418.8377	659418.8377	1.78585E-06	-16.43999693	7.686067331	0	0	1.78585E-06	-736.4399969
659619.2385	659619.2385	1.56058E-06	-34.67134543	7.686067331	0	0	1.56058E-06	-754.6713454
659819.6393	659819.6393	2.36267E-06	-72.87394163	7.686067331	0	0	2.36267E-06	-792.8739416
660020.0401	660020.0401	2.71032E-06	-68.43793529	7.686067331	0	0	2.71032E-06	-788.4379353
660220.4409	660220.4409	3.43815E-06	-71.0488094	7.686067331	0	0	3.43815E-06	-791.0488094
660420.8417	660420.8417	4.00746E-06	-96.2275546	7.686067331	0	0	4.00746E-06	-816.2275546
660621.2425	660621.2425	3.88879E-06	-109.9005116	7.686067331	0	0	3.88879E-06	-829.9005116
660821.6433	660821.6433	3.13367E-06	-120.435385	7.686067331	0	0	3.13367E-06	-840.435385
661022.0441	661022.0441	3.38438E-06	-131.2852127	7.686067331	0	0	3.38438E-06	-851.2852127
661222.4449	661222.4449	3.68697E-06	-142.5756026	7.686067331	0	0	3.68697E-06	-862.5756026
661422.8457	661422.8457	3.49331E-06	-148.1664405	7.686067331	0	0	3.49331E-06	-868.1664405
661623.2465	661623.2465	3.08914E-06	-162.6353837	7.686067331	0	0	3.08914E-06	-882.6353837
661823.6473	661823.6473	2.20975E-06	-168.8703169	7.686067331	0	0	2.20975E-06	-888.8703169
662024.0481	662024.0481	1.19681E-06	-110.2088891	7.686067331	0	0	1.19681E-06	-830.2088891
662224.4489	662224.4489	1.82293E-06	-116.3500443	7.686067331	0	0	1.82293E-06	-836.3500443
662424.8497	662424.8497	3.44392E-06	-115.9297854	7.686067331	0	0	3.44392E-06	-835.9297854
662625.2505	662625.2505	3.4699E-06	-131.1960544	7.686067331	0	0	3.4699E-06	-851.1960544
662825.6513	662825.6513	3.84801E-06	-128.8495045	7.686067331	0	0	3.84801E-06	-848.8495045
663026.0521	663026.0521	5.02265E-06	-139.1371647	7.686067331	0	0	5.02265E-06	-859.1371647
663226.4529	663226.4529	4.91024E-06	-157.9573805	7.686067331	0	0	4.91024E-06	-877.9573805
663426.8537	663426.8537	5.40551E-06	-148.9330172	7.686067331	0	0	5.40551E-06	-868.9330172
663627.2545	663627.2545	4.93869E-06	-151.8316868	7.686067331	0	0	4.93869E-06	-871.8316868
663827.6553	663827.6553	4.2218E-06	-154.1812995	7.686067331	0	0	4.2218E-06	-874.1812995
664028.0561	664028.0561	5.2206E-06	-157.5591255	7.686067331	0	0	5.2206E-06	-877.5591255
664228.4569	664228.4569	5.69964E-06	-156.746853	7.686067331	0	0	5.69964E-06	-876.746853
664428.8577	664428.8577	5.62764E-06	-159.4944376	7.686067331	0	0	5.62764E-06	-879.4944376
664629.2585	664629.2585	6.51623E-06	-170.9759161	7.686067331	0	0	6.51623E-06	-890.9759161
664829.6593	664829.6593	6.83085E-06	-166.8725314	7.686067331	0	0	6.83085E-06	-886.8725314
665030.0601	665030.0601	7.41545E-06	-172.2277488	7.686067331	0	0	7.41545E-06	-892.2277488
665230.4609	665230.4609	7.55617E-06	-171.3360974	7.686067331	0	0	7.55617E-06	-891.3360974
665430.8617	665430.8617	7.91152E-06	-173.5962969	7.686067331	0	0	7.91152E-06	-893.5962969
665631.2625	665631.2625	7.9532E-06	-177.1688474	7.686067331	0	0	7.9532E-06	-897.1688474
665831.6633	665831.6633	8.2997E-06	179.9683749	7.686067331	0	0	8.2997E-06	-900.0316251
666032.0641	666032.0641	8.9112E-06	179.1939202	7.686067331	0	0	8.9112E-06	-900.8060798
666232.4649	666232.4649	9.43712E-06	173.2635656	7.686067331	0	0	9.43712E-06	-906.7364344
666432.8657	666432.8657	9.84181E-06	174.4474863	7.686067331	0	0	9.84181E-06	-905.5525137
666633.2665	666633.2665	9.76599E-06	168.1584053	7.686067331	0	0	9.76599E-06	-911.8415947
666833.6673	666833.6673	1.07963E-05	166.960115	7.686067331	0	0	1.07963E-05	-913.039885
667034.0681	667034.0681	1.20341E-05	162.9849878	7.686067331	0	0	1.20341E-05	-917.0150122
667234.4689	667234.4689	1.20028E-05	159.472332	7.686067331	0	0	1.20028E-05	-920.527668
667434.8697	667434.8697	1.20534E-05	155.0031881	7.686067331	0	0	1.20534E-05	-924.9968119
667635.2705	667635.2705	1.21382E-05	151.2443361	7.686067331	0	0	1.21382E-05	-928.7556639
667835.6713	667835.6713	1.25389E-05	149.1955186	7.686067331	0	0	1.25389E-05	-930.8044814
668036.0721	668036.0721	1.26714E-05	147.3181454	7.686067331	0	0	1.26714E-05	-932.6818546
668236.4729	668236.4729	1.27049E-05	143.1849124	7.686067331	0	0	1.27049E-05	-936.8150876
668436.8737	668436.8737	1.28606E-05	142.4193265	7.686067331	0	0	1.28606E-05	-937.5806735
668637.2745	668637.2745	1.28392E-05	141.5571323	7.686067331	0	0	1.28392E-05	-938.4428677
668837.6754	668837.6754	1.26641E-05	143.5021773	7.686067331	0	0	1.26641E-05	-936.4978227
669038.0762	669038.0762	1.40367E-05	139.5481741	7.686067331	0	0	1.40367E-05	-940.4518259
669238.477	669238.477	1.44933E-05	140.4214185	7.686067331	0	0	1.44933E-05	-939.5785815
669438.8778	669438.8778	1.63552E-05	136.7308855	7.686067331	0	0	1.63552E-05	-943.2691145
669639.2786	669639.2786	1.60872E-05	131.0563526	7.686067331	0	0	1.60872E-05	-948.9436474
669839.6794	669839.6794	1.60507E-05	129.9828199	7.686067331	0	0	1.60507E-05	-950.0171801
670040.0802	670040.0802	1.67661E-05	124.1277878	7.686067331	0	0	1.67661E-05	-955.8722122
670240.481	670240.481	1.6436E-05	124.0914362	7.686067331	0	0	1.6436E-05	-955.9085638
670440.8818	670440.8818	1.74356E-05	121.8611389	7.686067331	0	0	1.74356E-05	-958.1388611
670641.2826	670641.2826	1.80188E-05	119.7881628	7.686067331	0	0	1.80188E-05	-960.2118372
670841.6834	670841.6834	1.85986E-05	113.6882787	7.686067331	0	0	1.85986E-05	-966.3117213
671042.0842	671042.0842	1.88105E-05	112.8981863	7.686067331	0	0	1.88105E-05	-967.1018137
671242.485	671242.485	1.96926E-05	111.3964321	7.686067331	0	0	1.96926E-05	-968.6035679
671442.8858	671442.8858	2.02758E-05	108.6904469	7.686067331	0	0	2.02758E-05	-971.3095531
671643.2866	671643.2866	2.12775E-05	102.829983	7.686067331	0	0	2.12775E-05	-977.170017
671843.6874	671843.6874	2.13348E-05	99.1315996	7.686067331	0	0	2.13348E-05	-980.8684004
672044.0882	672044.0882	2.08223E-05	95.42889712	7.686067331	0	0	2.08223E-05	-984.5711029
672244.489	672244.489	2.06831E-05	92.8931921	7.686067331	0	0	2.06831E-05	-987.1068079
672444.8898	672444.8898	2.0113E-05	90.90997336	7.686067331	0	0	2.0113E-05	-989.0900266
672645.2906	672645.2906	2.06841E-05	89.95868369	7.686067331	0	0	2.06841E-05	-990.0413163
672845.6914	672845.6914	1.99493E-05	87.51242445	7.686067331	0	0	1.99493E-05	-992.4875756
673046.0922	673046.0922	1.98381E-05	86.16966572	7.686067331	0	0	1.98381E-05	-993.8303343
673246.493	673246.493	2.08846E-05	87.97236781	7.686067331	0	0	2.08846E-05	-992.0276322
673446.8938	673446.8938	2.17992E-05	85.93693873	7.686067331	0	0	2.17992E-05	-994.0630613
673647.2946	673647.2946	2.25226E-05	83.44031439	7.686067331	0	0	2.25226E-05	-996.5596856
673847.6954	673847.6954	2.22582E-05	78.57266166	7.686067331	0	0	2.22582E-05	-1001.427338
674048.0962	674048.0962	2.28528E-05	74.94565475	7.686067331	0	0	2.28528E-05	-1005.054345
674248.497	674248.497	2.32061E-05	71.63589529	7.686067331	0	0	2.32061E-05	-1008.364105
674448.8978	674448.8978	2.25729E-05	72.35605012	7.686067331	0	0	2.25729E-05	-1007.64395
674649.2986	674649.2986	2.23667E-05	70.15884795	7.686067331	0	0	2.23667E-05	-1009.841152
674849.6994	674849.6994	2.20616E-05	68.36218415	7.686067331	0	0	2.20616E-05	-1011.637816
675050.1002	675050.1002	2.18322E-05	66.72055469	7.686067331	0	0	2.18322E-05	-1013.279445
675250.501	675250.501	2.24491E-05	68.64045987	7.686067331	0	0	2.24491E-05	-1011.35954
675450.9018	675450.9018	2.27355E-05	69.66377786	7.686067331	0	0	2.27355E-05	-1010.336222
675651.3026	675651.3026	2.36051E-05	68.20746167	7.686067331	0	0	2.36051E-05	-1011.792538
675851.7034	675851.7034	2.46295E-05	66.94980117	7.686067331	0	0	2.46295E-05	-1013.050199
676052.1042	676052.1042	2.62776E-05	66.03617867	7.686067331	0	0	2.62776E-05	-1013.963821
676252.505	676252.505	2.67664E-05	61.99259783	7.686067331	0	0	2.67664E-05	-1018.007402
676452.9058	676452.9058	2.7212E-05	58.07652439	7.686067331	0	0	2.7212E-05	-1021.923476
676653.3066	676653.3066	2.71751E-05	55.53398117	7.686067331	0	0	2.71751E-05	-1024.466019
676853.7074	676853.7074	2.62558E-05	55.84355979	7.686067331	0	0	2.62558E-05	-1024.15644
677054.1082	677054.1082	2.60268E-05	54.09399007	7.686067331	0	0	2.60268E-05	-1025.90601
677254.509	677254.509	2.71265E-05	54.45035232	7.686067331	0	0	2.71265E-05	-1025.549648
677454.9098	677454.9098	2.9207E-05	54.88291546	7.686067331	0	0	2.9207E-05	-1025.117085
677655.3106	677655.3106	2.98647E-05	54.0990371	7.686067331	0	0	2.98647E-05	-1025.900963
677855.7114	677855.7114	3.10267E-05	51.79479771	7.686067331	0	0	3.10267E-05	-1028.205202
678056.1122	678056.1122	3.35584E-05	49.15454806	7.686067331	0	0	3.35584E-05	-1030.845452
678256.513	678256.513	3.51266E-05	46.45487003	7.686067331	0	0	3.51266E-05	-1033.54513
678456.9138	678456.9138	3.59318E-05	43.56967442	7.686067331	0	0	3.59318E-05	-1036.430326
678657.3146	678657.3146	3.66095E-05	40.52416423	7.686067331	0	0	3.66095E-05	-1039.475836
678857.7154	678857.7154	3.76046E-05	37.42528852	7.686067331	0	0	3.76046E-05	-1042.574711
679058.1162	679058.1162	3.82823E-05	33.73604551	7.686067331	0	0	3.82823E-05	-1046.263954
679258.517	679258.517	3.88025E-05	33.21316545	7.686067331	0	0	3.88025E-05	-1046.786835
679458.9178	679458.9178	3.84679E-05	29.2297609	7.686067331	0	0	3.84679E-05	-1050.770239
679659.3186	679659.3186	4.01963E-05	27.57614909	7.686067331	0	0	4.01963E-05	-1052.423851
679859.7194	679859.7194	4.1295E-05	24.75861916	7.686067331	0	0	4.1295E-05	-1055.241381
680060.1202	680060.1202	4.1458E-05	23.27481592	7.686067331	0	0	4.1458E-05	-1056.725184
680260.521	680260.521	4.32277E-05	19.8613919	7.686067331	0	0	4.32277E-05	-1060.138608
680460.9218	680460.9218	4.36674E-05	16.78320973	7.686067331	0	0	4.36674E-05	-1063.21679
680661.3226	680661.3226	4.38765E-05	14.75014179	7.686067331	0	0	4.38765E-05	-1065.249858
680861.7234	680861.7234	4.36333E-05	12.75672404	7.686067331	0	0	4.36333E-05	-1067.243276
681062.1242	681062.1242	4.38926E-05	10.20415254	7.686067331	0	0	4.38926E-05	-1069.795847
681262.5251	681262.5251	4.5016E-05	10.34687669	7.686067331	0	0	4.5016E-05	-1069.653123
681462.9259	681462.9259	4.68838E-05	8.884468211	7.686067331	0	0	4.68838E-05	-1071.115532
681663.3267	681663.3267	4.93496E-05	7.453070387	7.686067331	0	0	4.93496E-05	-1072.54693
681863.7275	681863.7275	5.15108E-05	4.626844362	7.686067331	0	0	5.15108E-05	-1075.373156
682064.1283	682064.1283	5.43544E-05	0.217682593	7.686067331	0	0	5.43544E-05	-1079.782317
682264.5291	682264.5291	5.60249E-05	-2.89830402	7.686067331	0	0	5.60249E-05	-1082.898304
682464.9299	682464.9299	5.83422E-05	-6.682780882	7.686067331	0	0	5.83422E-05	-1086.682781
682665.3307	682665.3307	5.84736E-05	-10.50637717	7.686067331	0	0	5.84736E-05	-1090.506377
682865.7315	682865.7315	6.01878E-05	-14.65847958	7.686067331	0	0	6.01878E-05	-1094.65848
683066.1323	683066.1323	5.96566E-05	-19.36097044	7.686067331	0	0	5.96566E-05	-1099.36097
683266.5331	683266.5331	5.9532E-05	-20.67912092	7.686067331	0	0	5.9532E-05	-1100.679121
683466.9339	683466.9339	6.10576E-05	-22.28459386	7.686067331	0	0	6.10576E-05	-1102.284594
683667.3347	683667.3347	6.30407E-05	-24.35931382	7.686067331	0	0	6.30407E-05	-1104.359314
683867.7355	683867.7355	6.66828E-05	-26.68592234	7.686067331	0	0	6.66828E-05	-1106.685922
684068.1363	684068.1363	7.05583E-05	-31.31949744	7.686067331	0	0	7.05583E-05	-1111.319497
684268.5371	684268.5371	7.32138E-05	-37.09804885	7.686067331	0	0	7.32138E-05	-1117.098049
684468.9379	684468.9379	7.36351E-05	-42.59124077	7.686067331	0	0	7.36351E-05	-1122.591241
684669.3387	684669.3387	7.38624E-05	-47.40861272	7.686067331	0	0	7.38624E-05	-1127.408613
684869.7395	684869.7395	7.3042E-05	-52.48338917	7.686067331	0	0	7.3042E-05	-1132.483389
685070.1403	685070.1403	7.35554E-05	-56.48160271	7.686067331	0	0	7.35554E-05	-1136.481603
685270.5411	685270.5411	7.35122E-05	-60.05413257	7.686067331	0	0	7.35122E-05	-1140.054133
685470.9419	685470.9419	7.35809E-05	-64.86916886	7.686067331	0	0	7.35809E-05	-1144.869169
685671.3427	685671.3427	7.46985E-05	-69.41458913	7.686067331	0	0	7.46985E-05	-1149.414589
685871.7435	685871.7435	7.46452E-05	-73.80444086	7.686067331	0	0	7.46452E-05	-1153.804441
686072.1443	686072.1443	7.39918E-05	-78.83447905	7.686067331	0	0	7.39918E-05	-1158.834479
686272.5451	686272.5451	7.4039E-05	-84.24767592	7.686067331	0	0	7.4039E-05	-1164.247676
686472.9459	686472.9459	7.21245E-05	-89.85725405	7.686067331	0	0	7.21245E-05	-1169.857254
686673.3467	686673.3467	6.8647E-05	-95.52093729	7.686067331	0	0	6.8647E-05	-1175.520937
686873.7475	686873.7475	6.6949E-05	-101.3323803	7.686067331	0	0	6.6949E-05	-1181.33238
687074.1483	687074.1483	6.4518E-05	-105.0231117	7.686067331	0	0	6.4518E-05	-1185.023112
687274.5491	687274.5491	6.06818E-05	-109.5370137	7.686067331	0	0	6.06818E-05	-1189.537014
687474.9499	687474.9499	5.60799E-05	-113.74317	7.686067331	0	0	5.60799E-05	-1193.74317
687675.3507	687675.3507	5.29624E-05	-115.8455936	7.686067331	0	0	5.29624E-05	-1195.845594
687875.7515	687875.7515	5.09512E-05	-118.0627587	7.686067331	0	0	5.09512E-05	-1198.062759
688076.1523	688076.1523	4.81227E-05	-120.5976313	7.686067331	0	0	4.81227E-05	-1200.597631
688276.5531	688276.5531	4.59024E-05	-122.0910865	7.686067331	0	0	4.59024E-05	-1202.091087
688476.9539	688476.9539	4.52636E-05	-123.9737676	7.686067331	0	0	4.52636E-05	-1203.973768
688677.3547	688677.3547	4.34726E-05	-126.7462313	7.686067331	0	0	4.34726E-05	-1206.746231
688877.7555	688877.7555	4.16654E-05	-129.0157	7.686067331	0	0	4.16654E-05	-1209.0157
689078.1563	689078.1563	3.86411E-05	-130.0984325	7.686067331	0	0	3.86411E-05	-1210.098433
689278.5571	689278.5571	3.72459E-05	-131.4257346	7.686067331	0	0	3.72459E-05	-1211.425735
689478.9579	689478.9579	3.60223E-05	-131.0714255	7.686067331	0	0	3.60223E-05	-1211.071425
689679.3587	689679.3587	3.67548E-05	-131.5543818	7.686067331	0	0	3.67548E-05	-1211.554382
689879.7595	689879.7595	3.63272E-05	-133.4132323	7.686067331	0	0	3.63272E-05	-1213.413232
690080.1603	690080.1603	3.60178E-05	-135.5359539	7.686067331	0	0	3.60178E-05	-1215.535954
690280.5611	690280.5611	3.47413E-05	-137.811956	7.686067331	0	0	3.47413E-05	-1217.811956
690480.9619	690480.9619	3.37765E-05	-138.8721317	7.686067331	0	0	3.37765E-05	-1218.872132
690681.3627	690681.3627	3.29799E-05	-140.8495904	7.686067331	0	0	3.29799E-05	-1220.84959
690881.7635	690881.7635	3.26079E-05	-138.9369225	7.686067331	0	0	3.26079E-05	-1218.936922
691082.1643	691082.1643	3.35891E-05	-138.524364	7.686067331	0	0	3.35891E-05	-1218.524364
691282.5651	691282.5651	3.39108E-05	-141.2985989	7.686067331	0	0	3.39108E-05	-1221.298599
691482.9659	691482.9659	3.56633E-05	-143.6981636	7.686067331	0	0	3.56633E-05	-1223.698164
691683.3667	691683.3667	3.64966E-05	-146.5386474	7.686067331	0	0	3.64966E-05	-1226.538647
691883.7675	691883.7675	3.7115E-05	-150.2195405	7.686067331	0	0	3.7115E-05	-1230.21954
692084.1683	692084.1683	3.65042E-05	-156.0761731	7.686067331	0	0	3.65042E-05	-1236.076173
692284.5691	692284.5691	3.6243E-05	-159.5031941	7.686067331	0	0	3.6243E-05	-1239.503194
692484.9699	692484.9699	3.42831E-05	-164.2166985	7.686067331	0	0	3.42831E-05	-1244.216698
692685.3707	692685.3707	3.34263E-05	-167.0583468	7.686067331	0	0	3.34263E-05	-1247.058347
692885.7715	692885.7715	3.381E-05	-170.56366	7.686067331	0	0	3.381E-05	-1250.56366
693086.1723	693086.1723	3.32496E-05	-174.5331902	7.686067331	0	0	3.32496E-05	-1254.53319
693286.5731	693286.5731	3.01477E-05	178.8459783	7.686067331	0	0	3.01477E-05	-1261.154022
693486.9739	693486.9739	2.80874E-05	175.3414397	7.686067331	0	0	2.80874E-05	-1264.65856
693687.3747	693687.3747	2.54768E-05	174.868423	7.686067331	0	0	2.54768E-05	-1265.131577
693887.7756	693887.7756	2.41467E-05	172.8685403	7.686067331	0	0	2.41467E-05	-1267.13146
694088.1764	694088.1764	2.18575E-05	173.5943168	7.686067331	0	0	2.18575E-05	-1266.405683
694288.5772	694288.5772	2.15896E-05	175.2802508	7.686067331	0	0	2.15896E-05	-1264.719749
694488.978	694488.978	2.04054E-05	173.540252	7.686067331	0	0	2.04054E-05	-1266.459748
694689.3788	694689.3788	2.02883E-05	175.0295998	7.686067331	0	0	2.02883E-05	-1264.9704
694889.7796	694889.7796	2.05314E-05	172.4109637	7.686067331	0	0	2.05314E-05	-1267.589036
695090.1804	695090.1804	2.04988E-05	167.6603656	7.686067331	0	0	2.04988E-05	-1272.339634
695290.5812	695290.5812	2.00772E-05	163.0858759	7.686067331	0	0	2.00772E-05	-1276.914124
695490.982	695490.982	1.82231E-05	156.7991786	7.686067331	0	0	1.82231E-05	-1283.200821
695691.3828	695691.3828	1.45166E-05	157.316086	7.686067331	0	0	1.45166E-05	-1282.683914
695891.7836	695891.7836	1.31568E-05	158.8486084	7.686067331	0	0	1.31568E-05	-1281.151392
696092.1844	696092.1844	1.20823E-05	164.5943308	7.686067331	0	0	1.20823E-05	-1275.405669
696292.5852	696292.5852	1.21293E-05	170.8422705	7.686067331	0	0	1.21293E-05	-1269.15773
696492.986	696492.986	1.28475E-05	172.0348871	7.686067331	0	0	1.28475E-05	-1267.965113
696693.3868	696693.3868	1.3255E-05	175.4857258	7.686067331	0	0	1.3255E-05	-1264.514274
696893.7876	696893.7876	1.32257E-05	171.8771078	7.686067331	0	0	1.32257E-05	-1268.122892
697094.1884	697094.1884	1.32889E-05	171.5068485	7.686067331	0	0	1.32889E-05	-1268.493151
697294.5892	697294.5892	1.30306E-05	175.6783	7.686067331	0	0	1.30306E-05	-1264.3217
697494.99	697494.99	1.2496E-05	175.7713457	7.686067331	0	0	1.2496E-05	-1264.228654
697695.3908	697695.3908	1.45989E-05	171.2362967	7.686067331	0	0	1.45989E-05	-1268.763703
697895.7916	697895.7916	1.27973E-05	173.7711604	7.686067331	0	0	1.27973E-05	-1266.22884
698096.1924	698096.1924	1.30002E-05	172.4640106	7.686067331	0	0	1.30002E-05	-1267.535989
698296.5932	698296.5932	1.33664E-05	174.729368	7.686067331	0	0	1.33664E-05	-1265.270632
698496.994	698496.994	1.34042E-05	174.8477306	7.686067331	0	0	1.34042E-05	-1265.152269
698697.3948	698697.3948	1.36373E-05	174.7905841	7.686067331	0	0	1.36373E-05	-1265.209416
698897.7956	698897.7956	1.38358E-05	176.2938611	7.686067331	0	0	1.38358E-05	-1263.706139
699098.1964	699098.1964	1.55987E-05	176.3657413	7.686067331	0	0	1.55987E-05	-1263.634259
699298.5972	699298.5972	1.63849E-05	171.8391175	7.686067331	0	0	1.63849E-05	-1268.160882
699498.998	699498.998	1.70357E-05	164.8349416	7.686067331	0	0	1.70357E-05	-1275.165058
699699.3988	699699.3988	1.64557E-05	163.4391542	7.686067331	0	0	1.64557E-05	-1276.560846
699899.7996	699899.7996	1.65068E-05	161.9701929	7.686067331	0	0	1.65068E-05	-1278.029807
700100.2004	700100.2004	1.64551E-05	159.1736084	7.686067331	0	0	1.64551E-05	-1280.826392
700300.6012	700300.6012	1.7425E-05	154.337783	7.686067331	0	0	1.7425E-05	-1285.662217
700501.002	700501.002	1.74812E-05	151.0474781	7.686067331	0	0	1.74812E-05	-1288.952522
700701.4028	700701.4028	1.64483E-05	147.3780274	7.686067331	0	0	1.64483E-05	-1292.621973
700901.8036	700901.8036	1.5532E-05	145.3589151	7.686067331	0	0	1.5532E-05	-1294.641085
701102.2044	701102.2044	1.52942E-05	147.4642439	7.686067331	0	0	1.52942E-05	-1292.535756
701302.6052	701302.6052	1.56873E-05	144.323182	7.686067331	0	0	1.56873E-05	-1295.676818
701503.006	701503.006	1.61816E-05	144.4278862	7.686067331	0	0	1.61816E-05	-1295.572114
701703.4068	701703.4068	1.61676E-05	140.0197052	7.686067331	0	0	1.61676E-05	-1299.980295
701903.8076	701903.8076	1.65143E-05	135.3958623	7.686067331	0	0	1.65143E-05	-1304.604138
702104.2084	702104.2084	1.61999E-05	130.0707112	7.686067331	0	0	1.61999E-05	-1309.929289
702304.6092	702304.6092	1.57723E-05	127.3990023	7.686067331	0	0	1.57723E-05	-1312.600998
702505.01	702505.01	1.6067E-05	123.2781457	7.686067331	0	0	1.6067E-05	-1316.721854
702705.4108	702705.4108	1.54974E-05	118.1315749	7.686067331	0	0	1.54974E-05	-1321.868425
702905.8116	702905.8116	1.36696E-05	116.7126659	7.686067331	0	0	1.36696E-05	-1323.287334
703106.2124	703106.2124	1.31088E-05	113.334194	7.686067331	0	0	1.31088E-05	-1326.665806
703306.6132	703306.6132	1.25193E-05	114.612958	7.686067331	0	0	1.25193E-05	-1325.387042
703507.014	703507.014	1.14792E-05	115.4401848	7.686067331	0	0	1.14792E-05	-1324.559815
703707.4148	703707.4148	1.10902E-05	118.812746	7.686067331	0	0	1.10902E-05	-1321.187254
703907.8156	703907.8156	1.14182E-05	114.398953	7.686067331	0	0	1.14182E-05	-1325.601047
704108.2164	704108.2164	1.15077E-05	118.9884651	7.686067331	0	0	1.15077E-05	-1321.011535
704308.6172	704308.6172	1.20008E-05	117.5760865	7.686067331	0	0	1.20008E-05	-1322.423913
704509.018	704509.018	1.12529E-05	114.1938147	7.686067331	0	0	1.12529E-05	-1325.806185
704709.4188	704709.4188	1.09322E-05	114.9137943	7.686067331	0	0	1.09322E-05	-1325.086206
704909.8196	704909.8196	1.14068E-05	113.0322627	7.686067331	0	0	1.14068E-05	-1326.967737
705110.2204	705110.2204	1.17033E-05	114.7665007	7.686067331	0	0	1.17033E-05	-1325.233499
705310.6212	705310.6212	1.16872E-05	112.3893745	7.686067331	0	0	1.16872E-05	-1327.610626
705511.022	705511.022	1.15426E-05	112.7254426	7.686067331	0	0	1.15426E-05	-1327.274557
705711.4228	705711.4228	1.29073E-05	110.0610167	7.686067331	0	0	1.29073E-05	-1329.938983
705911.8236	705911.8236	1.2227E-05	105.6745301	7.686067331	0	0	1.2227E-05	-1334.32547
706112.2244	706112.2244	1.2376E-05	104.9711852	7.686067331	0	0	1.2376E-05	-1335.028815
706312.6253	706312.6253	1.21683E-05	102.9956334	7.686067331	0	0	1.21683E-05	-1337.004367
706513.0261	706513.0261	1.23561E-05	100.4523884	7.686067331	0	0	1.23561E-05	-1339.547612
706713.4269	706713.4269	1.3025E-05	97.10101241	7.686067331	0	0	1.3025E-05	-1342.898988
706913.8277	706913.8277	1.35275E-05	93.25919754	7.686067331	0	0	1.35275E-05	-1346.740802
707114.2285	707114.2285	1.38886E-05	88.52333066	7.686067331	0	0	1.38886E-05	-1351.476669
707314.6293	707314.6293	1.31722E-05	80.98045582	7.686067331	0	0	1.31722E-05	-1359.019544
707515.0301	707515.0301	1.30905E-05	77.81066376	7.686067331	0	0	1.30905E-05	-1362.189336
707715.4309	707715.4309	1.28075E-05	72.70353277	7.686067331	0	0	1.28075E-05	-1367.296467
707915.8317	707915.8317	1.16031E-05	70.73923852	7.686067331	0	0	1.16031E-05	-1369.260761
708116.2325	708116.2325	1.09146E-05	71.36318034	7.686067331	0	0	1.09146E-05	-1368.63682
708316.6333	708316.6333	1.10573E-05	67.53505231	7.686067331	0	0	1.10573E-05	-1372.464948
708517.0341	708517.0341	1.0056E-05	63.94379419	7.686067331	0	0	1.0056E-05	-1376.056206
708717.4349	708717.4349	9.58849E-06	64.18141161	7.686067331	0	0	9.58849E-06	-1375.818588
708917.8357	708917.8357	8.86988E-06	65.1970129	7.686067331	0	0	8.86988E-06	-1374.802987
709118.2365	709118.2365	8.44437E-06	61.54211955	7.686067331	0	0	8.44437E-06	-1378.45788
709318.6373	709318.6373	9.34752E-06	62.49389377	7.686067331	0	0	9.34752E-06	-1377.506106
709519.0381	709519.0381	8.65905E-06	58.89030973	7.686067331	0	0	8.65905E-06	-1381.10969
709719.4389	709719.4389	8.59253E-06	55.47915462	7.686067331	0	0	8.59253E-06	-1384.520845
709919.8397	709919.8397	7.64679E-06	62.01093811	7.686067331	0	0	7.64679E-06	-1377.989062
710120.2405	710120.2405	8.14462E-06	59.85574826	7.686067331	0	0	8.14462E-06	-1380.144252
710320.6413	710320.6413	7.94494E-06	57.17407611	7.686067331	0	0	7.94494E-06	-1382.825924
710521.0421	710521.0421	8.23937E-06	49.68194974	7.686067331	0	0	8.23937E-06	-1390.31805
710721.4429	710721.4429	7.69763E-06	49.8938863	7.686067331	0	0	7.69763E-06	-1390.106114
710921.8437	710921.8437	6.93191E-06	41.90605915	7.686067331	0	0	6.93191E-06	-1398.093941
711122.2445	711122.2445	7.44429E-06	45.14189665	7.686067331	0	0	7.44429E-06	-1394.858103
711322.6453	711322.6453	6.8269E-06	44.32436692	7.686067331	0	0	6.8269E-06	-1395.675633
711523.0461	711523.0461	7.38102E-06	48.16436117	7.686067331	0	0	7.38102E-06	-1391.835639
711723.4469	711723.4469	7.91081E-06	49.26976726	7.686067331	0	0	7.91081E-06	-1390.730233
711923.8477	711923.8477	7.46912E-06	47.58792023	7.686067331	0	0	7.46912E-06	-1392.41208
712124.2485	712124.2485	8.70337E-06	43.2960458	7.686067331	0	0	8.70337E-06	-1396.703954
712324.6493	712324.6493	8.91088E-06	41.08876594	7.686067331	0	0	8.91088E-06	-1398.911234
712525.0501	712525.0501	8.24897E-06	36.06261668	7.686067331	0	0	8.24897E-06	-1403.937383
712725.4509	712725.4509	7.9414E-06	27.4863559	7.686067331	0	0	7.9414E-06	-1412.513644
712925.8517	712925.8517	8.20183E-06	29.47506959	7.686067331	0	0	8.20183E-06	-1410.52493
713126.2525	713126.2525	7.41624E-06	22.59180443	7.686067331	0	0	7.41624E-06	-1417.408196
713326.6533	713326.6533	7.48407E-06	17.02302091	7.686067331	0	0	7.48407E-06	-1422.976979
713527.0541	713527.0541	7.01253E-06	14.33215975	7.686067331	0	0	7.01253E-06	-1425.66784
713727.4549	713727.4549	6.79982E-06	11.37391674	7.686067331	0	0	6.79982E-06	-1428.626083
713927.8557	713927.8557	6.4418E-06	14.58937286	7.686067331	0	0	6.4418E-06	-1425.410627
714128.2565	714128.2565	7.1636E-06	6.941625253	7.686067331	0	0	7.1636E-06	-1433.058375
714328.6573	714328.6573	6.52263E-06	1.903454131	7.686067331	0	0	6.52263E-06	-1438.096546
714529.0581	714529.0581	5.81978E-06	7.593444428	7.686067331	0	0	5.81978E-06	-1432.406556
714729.4589	714729.4589	6.03356E-06	-0.010049176	7.686067331	0	0	6.03356E-06	-1440.010049
714929.8597	714929.8597	5.82378E-06	-6.254781022	7.686067331	0	0	5.82378E-06	-1446.254781
715130.2605	715130.2605	5.30686E-06	-10.38532868	7.686067331	0	0	5.30686E-06	-1450.385329
715330.6613	715330.6613	5.88545E-06	-9.586407701	7.686067331	0	0	5.88545E-06	-1449.586408
715531.0621	715531.0621	4.91839E-06	-6.563118462	7.686067331	0	0	4.91839E-06	-1446.563118
715731.4629	715731.4629	5.13804E-06	-20.50477305	7.686067331	0	0	5.13804E-06	-1460.504773
715931.8637	715931.8637	4.99066E-06	-21.59714304	7.686067331	0	0	4.99066E-06	-1461.597143
716132.2645	716132.2645	4.2989E-06	-26.47804852	7.686067331	0	0	4.2989E-06	-1466.478049
716332.6653	716332.6653	3.71391E-06	-24.42880211	7.686067331	0	0	3.71391E-06	-1464.428802
716533.0661	716533.0661	3.90484E-06	-23.6435673	7.686067331	0	0	3.90484E-06	-1463.643567
716733.4669	716733.4669	4.62065E-06	-28.63840711	7.686067331	0	0	4.62065E-06	-1468.638407
716933.8677	716933.8677	3.56318E-06	-37.30182828	7.686067331	0	0	3.56318E-06	-1477.301828
717134.2685	717134.2685	3.34037E-06	-35.36993524	7.686067331	0	0	3.34037E-06	-1475.369935
717334.6693	717334.6693	3.67962E-06	-31.94916471	7.686067331	0	0	3.67962E-06	-1471.949165
717535.0701	717535.0701	2.96201E-06	-42.10416001	7.686067331	0	0	2.96201E-06	-1482.10416
717735.4709	717735.4709	3.37802E-06	-52.14934093	7.686067331	0	0	3.37802E-06	-1492.149341
717935.8717	717935.8717	2.87021E-06	-45.00512906	7.686067331	0	0	2.87021E-06	-1485.005129
718136.2725	718136.2725	2.63116E-06	-44.42036477	7.686067331	0	0	2.63116E-06	-1484.420365
718336.6733	718336.6733	3.42837E-06	-52.28690464	7.686067331	0	0	3.42837E-06	-1492.286905
718537.0741	718537.0741	3.44319E-06	-49.78058994	7.686067331	0	0	3.44319E-06	-1489.78059
718737.4749	718737.4749	3.30158E-06	-62.7905356	7.686067331	0	0	3.30158E-06	-1502.790536
718937.8758	718937.8758	3.07928E-06	-53.05834774	7.686067331	0	0	3.07928E-06	-1493.058348
719138.2766	719138.2766	2.87623E-06	-58.88858928	7.686067331	0	0	2.87623E-06	-1498.888589
719338.6774	719338.6774	2.03365E-06	-68.61419991	7.686067331	0	0	2.03365E-06	-1508.6142
719539.0782	719539.0782	2.26934E-06	-80.43563938	7.686067331	0	0	2.26934E-06	-1520.435639
719739.479	719739.479	1.1952E-06	-77.91430051	7.686067331	0	0	1.1952E-06	-1517.914301
719939.8798	719939.8798	2.20938E-06	-64.15017218	7.686067331	0	0	2.20938E-06	-1504.150172
720140.2806	720140.2806	1.63297E-06	-78.73812608	7.686067331	0	0	1.63297E-06	-1518.738126
720340.6814	720340.6814	1.08037E-06	-66.01175536	7.686067331	0	0	1.08037E-06	-1506.011755
720541.0822	720541.0822	1.64101E-06	-92.19605948	7.686067331	0	0	1.64101E-06	-1532.196059
720741.483	720741.483	1.79889E-06	-89.13695136	7.686067331	0	0	1.79889E-06	-1529.136951
720941.8838	720941.8838	1.70002E-06	-64.08110651	7.686067331	0	0	1.70002E-06	-1504.081107
721142.2846	721142.2846	1.37214E-06	-76.57198839	7.686067331	0	0	1.37214E-06	-1516.571988
721342.6854	721342.6854	1.2241E-06	-23.59912779	7.686067331	0	0	1.2241E-06	-1463.599128
721543.0862	721543.0862	8.68835E-07	-98.38710858	7.686067331	0	0	8.68835E-07	-1538.387109
721743.487	721743.487	1.22051E-06	-71.29115005	7.686067331	0	0	1.22051E-06	-1511.29115
721943.8878	721943.8878	2.6822E-07	-63.80008532	7.686067331	0	0	2.6822E-07	-1503.800085
722144.2886	722144.2886	1.34022E-06	-98.49904429	7.686067331	0	0	1.34022E-06	-1538.499044
722344.6894	722344.6894	1.03706E-06	-57.46868684	7.686067331	0	0	1.03706E-06	-1497.468687
722545.0902	722545.0902	7.81263E-07	-58.17790028	7.686067331	0	0	7.81263E-07	-1498.1779
722745.491	722745.491	1.77256E-06	-55.53559832	7.686067331	0	0	1.77256E-06	-1495.535598
722945.8918	722945.8918	9.81684E-07	-75.34007528	7.686067331	0	0	9.81684E-07	-1515.340075
723146.2926	723146.2926	1.69014E-07	-126.6639451	7.686067331	0	0	1.69014E-07	-1566.663945
723346.6934	723346.6934	6.99974E-07	-72.81812633	7.686067331	0	0	6.99974E-07	-1512.818126
723547.0942	723547.0942	8.58967E-07	-73.72534727	7.686067331	0	0	8.58967E-07	-1513.725347
723747.495	723747.495	1.14364E-06	-70.16837477	7.686067331	0	0	1.14364E-06	-1510.168375
723947.8958	723947.8958	4.1591E-07	-62.58336273	7.686067331	0	0	4.1591E-07	-1502.583363
724148.2966	724148.2966	7.67037E-07	-84.69625167	7.686067331	0	0	7.67037E-07	-1524.696252
724348.6974	724348.6974	9.5718E-07	-80.18609099	7.686067331	0	0	9.5718E-07	-1520.186091
724549.0982	724549.0982	6.12667E-07	-92.13092899	7.686067331	0	0	6.12667E-07	-1532.130929
724749.499	724749.499	9.22712E-07	-30.14572826	7.686067331	0	0	9.22712E-07	-1470.145728
724949.8998	724949.8998	1.96302E-07	-3.554043807	7.686067331	0	0	1.96302E-07	-1443.554044
725150.3006	725150.3006	6.73782E-07	-83.80087293	7.686067331	0	0	6.73782E-07	-1523.800873
725350.7014	725350.7014	5.19024E-07	-94.04435327	7.686067331	0	0	5.19024E-07	-1534.044353
725551.1022	725551.1022	9.78566E-07	-105.7631829	7.686067331	0	0	9.78566E-07	-1545.763183
725751.503	725751.503	8.0107E-07	-62.41534409	7.686067331	0	0	8.0107E-07	-1502.415344
725951.9038	725951.9038	6.62661E-07	-128.1999269	7.686067331	0	0	6.62661E-07	-1568.199927
726152.3046	726152.3046	6.6016E-07	-130.3865041	7.686067331	0	0	6.6016E-07	-1570.386504
726352.7054	726352.7054	7.90649E-07	-63.22427825	7.686067331	0	0	7.90649E-07	-1503.224278
726553.1062	726553.1062	4.16931E-07	-83.64116698	7.686067331	0	0	4.16931E-07	-1523.641167
726753.507	726753.507	2.35119E-07	159.59744	7.686067331	0	0	2.35119E-07	-1640.40256
726953.9078	726953.9078	6.23207E-07	-152.1290155	7.686067331	0	0	6.23207E-07	-1592.129015
727154.3086	727154.3086	4.52421E-07	-121.2824117	7.686067331	0	0	4.52421E-07	-1561.282412
727354.7094	727354.7094	4.15367E-07	-102.528262	7.686067331	0	0	4.15367E-07	-1542.528262
727555.1102	727555.1102	2.92555E-07	122.1273057	7.686067331	0	0	2.92555E-07	-1677.872694
727755.511	727755.511	7.5381E-07	173.4190361	7.686067331	0	0	7.5381E-07	-1626.580964
727955.9118	727955.9118	3.88869E-07	-67.05367333	7.686067331	0	0	3.88869E-07	-1507.053673
728156.3126	728156.3126	1.02334E-06	-70.71503991	7.686067331	0	0	1.02334E-06	-1510.71504
728356.7134	728356.7134	7.14843E-07	-40.4594031	7.686067331	0	0	7.14843E-07	-1480.459403
728557.1142	728557.1142	2.47911E-07	-7.289786856	7.686067331	0	0	2.47911E-07	-1447.289787
728757.515	728757.515	4.94477E-07	-8.747398458	7.686067331	0	0	4.94477E-07	-1448.747398
728957.9158	728957.9158	4.63843E-07	-162.662254	7.686067331	0	0	4.63843E-07	-1602.662254
729158.3166	729158.3166	7.45612E-07	-118.7387199	7.686067331	0	0	7.45612E-07	-1558.73872
729358.7174	729358.7174	5.13693E-07	-153.11316	7.686067331	0	0	5.13693E-07	-1593.11316
729559.1182	729559.1182	4.19104E-07	-114.2792549	7.686067331	0	0	4.19104E-07	-1554.279255
729759.519	729759.519	1.22838E-06	-143.0565631	7.686067331	0	0	1.22838E-06	-1583.056563
729959.9198	729959.9198	1.05759E-06	179.810642	7.686067331	0	0	1.05759E-06	-1620.189358
730160.3206	730160.3206	1.13703E-06	-163.1526685	7.686067331	0	0	1.13703E-06	-1603.152668
730360.7214	730360.7214	8.45931E-07	-136.7025035	7.686067331	0	0	8.45931E-07	-1576.702504
730561.1222	730561.1222	1.07334E-06	-158.7278763	7.686067331	0	0	1.07334E-06	-1598.727876
730761.523	730761.523	1.24716E-06	179.637725	7.686067331	0	0	1.24716E-06	-1620.362275
730961.9238	730961.9238	5.17737E-07	134.8940414	7.686067331	0	0	5.17737E-07	-1665.105959
731162.3246	731162.3246	9.24411E-07	155.6155461	7.686067331	0	0	9.24411E-07	-1644.384454
731362.7255	731362.7255	3.7191E-07	117.2952621	7.686067331	0	0	3.7191E-07	-1682.704738
731563.1263	731563.1263	5.14672E-07	-179.4151622	7.686067331	0	0	5.14672E-07	-1619.415162
731763.5271	731763.5271	5.36519E-07	-15.40813824	7.686067331	0	0	5.36519E-07	-1455.408138
731963.9279	731963.9279	4.01666E-07	158.6353226	7.686067331	0	0	4.01666E-07	-1281.364677
732164.3287	732164.3287	5.42472E-07	121.1749281	7.686067331	0	0	5.42472E-07	-1318.825072
732364.7295	732364.7295	1.65385E-07	-155.4124339	7.686067331	0	0	1.65385E-07	-1235.412434
732565.1303	732565.1303	4.6762E-07	-71.65745638	7.686067331	0	0	4.6762E-07	-1151.657456
732765.5311	732765.5311	1.36522E-06	-151.7159518	7.686067331	0	0	1.36522E-06	-1231.715952
732965.9319	732965.9319	4.62375E-07	-39.31425135	7.686067331	0	0	4.62375E-07	-1119.314251
733166.3327	733166.3327	1.46404E-07	145.1443387	7.686067331	0	0	1.46404E-07	-1294.855661
733366.7335	733366.7335	7.35716E-07	132.2825003	7.686067331	0	0	7.35716E-07	-1307.7175
733567.1343	733567.1343	2.2178E-07	-31.41550025	7.686067331	0	0	2.2178E-07	-1471.4155
733767.5351	733767.5351	6.72354E-07	128.5506194	7.686067331	0	0	6.72354E-07	-1311.449381
733967.9359	733967.9359	3.3827E-07	146.0647456	7.686067331	0	0	3.3827E-07	-1293.935254
734168.3367	734168.3367	5.89954E-07	108.8362237	7.686067331	0	0	5.89954E-07	-1331.163776
734368.7375	734368.7375	1.17764E-06	165.0165121	7.686067331	0	0	1.17764E-06	-1274.983488
734569.1383	734569.1383	6.82885E-07	108.3457096	7.686067331	0	0	6.82885E-07	-1331.65429
734769.5391	734769.5391	1.73561E-06	118.6866045	7.686067331	0	0	1.73561E-06	-1321.313395
734969.9399	734969.9399	1.56008E-06	165.6579281	7.686067331	0	0	1.56008E-06	-1274.342072
735170.3407	735170.3407	1.55985E-06	113.7922601	7.686067331	0	0	1.55985E-06	-1326.20774
735370.7415	735370.7415	7.45606E-07	122.6707241	7.686067331	0	0	7.45606E-07	-1317.329276
735571.1423	735571.1423	1.11558E-06	62.11382074	7.686067331	0	0	1.11558E-06	-1377.886179
735771.5431	735771.5431	1.16456E-06	98.62925883	7.686067331	0	0	1.16456E-06	-1341.370741
735971.9439	735971.9439	7.82983E-07	58.61440852	7.686067331	0	0	7.82983E-07	-1381.385591
736172.3447	736172.3447	2.47508E-07	41.87151053	7.686067331	0	0	2.47508E-07	-1398.128489
736372.7455	736372.7455	8.75481E-07	39.70017053	7.686067331	0	0	8.75481E-07	-1400.299829
736573.1463	736573.1463	9.1262E-07	56.18821079	7.686067331	0	0	9.1262E-07	-1383.811789
736773.5471	736773.5471	7.49677E-07	55.03209489	7.686067331	0	0	7.49677E-07	-1384.967905
736973.9479	736973.9479	5.5103E-07	35.58278723	7.686067331	0	0	5.5103E-07	-1404.417213
737174.3487	737174.3487	6.36481E-07	52.7466514	7.686067331	0	0	6.36481E-07	-1387.253349
737374.7495	737374.7495	5.42585E-07	56.10423684	7.686067331	0	0	5.42585E-07	-1383.895763
737575.1503	737575.1503	6.43488E-07	30.62821154	7.686067331	0	0	6.43488E-07	-1409.371788
737775.5511	737775.5511	1.3845E-06	-7.246505972	7.686067331	0	0	1.3845E-06	-1447.246506
737975.9519	737975.9519	5.74703E-07	-130.124186	7.686067331	0	0	5.74703E-07	-1570.124186
738176.3527	738176.3527	5.6661E-07	-1.300778054	7.686067331	0	0	5.6661E-07	-1441.300778
738376.7535	738376.7535	5.69627E-07	-67.03342716	7.686067331	0	0	5.69627E-07	-1507.033427
738577.1543	738577.1543	1.11011E-06	-11.23507863	7.686067331	0	0	1.11011E-06	-1451.235079
738777.5551	738777.5551	4.76108E-07	-39.73125969	7.686067331	0	0	4.76108E-07	-1479.73126
738977.9559	738977.9559	1.11883E-06	0.878820853	7.686067331	0	0	1.11883E-06	-1439.121179
739178.3567	739178.3567	4.37814E-07	-49.3010561	7.686067331	0	0	4.37814E-07	-1489.301056
739378.7575	739378.7575	1.03379E-06	-59.54415273	7.686067331	0	0	1.03379E-06	-1499.544153
739579.1583	739579.1583	5.9268E-07	-103.6948539	7.686067331	0	0	5.9268E-07	-1543.694854
739779.5591	739779.5591	1.27962E-06	-49.40549988	7.686067331	0	0	1.27962E-06	-1489.4055
739979.9599	739979.9599	1.22508E-06	-62.88136793	7.686067331	0	0	1.22508E-06	-1502.881368
740180.3607	740180.3607	5.94763E-07	-63.96901522	7.686067331	0	0	5.94763E-07	-1503.969015
740380.7615	740380.7615	2.64043E-07	-96.05162078	7.686067331	0	0	2.64043E-07	-1536.051621
740581.1623	740581.1623	1.86916E-07	-10.41332435	7.686067331	0	0	1.86916E-07	-1450.413324
740781.5631	740781.5631	7.35696E-07	-47.4150705	7.686067331	0	0	7.35696E-07	-1487.415071
740981.9639	740981.9639	8.02081E-07	-80.41200255	7.686067331	0	0	8.02081E-07	-1520.412003
741182.3647	741182.3647	8.52871E-07	-58.66382737	7.686067331	0	0	8.52871E-07	-1498.663827
741382.7655	741382.7655	7.61604E-07	-66.56629107	7.686067331	0	0	7.61604E-07	-1506.566291
741583.1663	741583.1663	3.90643E-07	-91.14119341	7.686067331	0	0	3.90643E-07	-1531.141193
741783.5671	741783.5671	9.57597E-07	-76.14940668	7.686067331	0	0	9.57597E-07	-1516.149407
741983.9679	741983.9679	1.04364E-06	-56.91539068	7.686067331	0	0	1.04364E-06	-1496.915391
742184.3687	742184.3687	4.0129E-07	-58.52348113	7.686067331	0	0	4.0129E-07	-1498.523481
742384.7695	742384.7695	4.54384E-07	-101.9904763	7.686067331	0	0	4.54384E-07	-1541.990476
742585.1703	742585.1703	2.20154E-07	6.698997707	7.686067331	0	0	2.20154E-07	-1433.301002
742785.5711	742785.5711	4.54624E-07	-86.85356004	7.686067331	0	0	4.54624E-07	-1526.85356
742985.9719	742985.9719	9.8841E-07	-74.84352608	7.686067331	0	0	9.8841E-07	-1514.843526
743186.3727	743186.3727	2.98403E-07	-143.293704	7.686067331	0	0	2.98403E-07	-1583.293704
743386.7735	743386.7735	5.41316E-07	-62.7681844	7.686067331	0	0	5.41316E-07	-1502.768184
743587.1743	743587.1743	1.20788E-06	-69.48616325	7.686067331	0	0	1.20788E-06	-1509.486163
743787.5752	743787.5752	6.51636E-07	-157.8580454	7.686067331	0	0	6.51636E-07	-1597.858045
743987.976	743987.976	3.74944E-07	-61.27153325	7.686067331	0	0	3.74944E-07	-1501.271533
744188.3768	744188.3768	6.20315E-07	47.68623349	7.686067331	0	0	6.20315E-07	-1392.313767
744388.7776	744388.7776	2.38994E-07	-16.14657789	7.686067331	0	0	2.38994E-07	-1456.146578
744589.1784	744589.1784	5.73717E-07	-90.43641056	7.686067331	0	0	5.73717E-07	-1530.436411
744789.5792	744789.5792	2.13861E-07	-22.67477469	7.686067331	0	0	2.13861E-07	-1462.674775
744989.98	744989.98	2.21172E-07	30.9349857	7.686067331	0	0	2.21172E-07	-1409.065014
745190.3808	745190.3808	9.79821E-07	-87.12032586	7.686067331	0	0	9.79821E-07	-1527.120326
745390.7816	745390.7816	6.69334E-07	-58.01389886	7.686067331	0	0	6.69334E-07	-1498.013899
745591.1824	745591.1824	1.0826E-07	36.41491946	7.686067331	0	0	1.0826E-07	-1403.585081
745791.5832	745791.5832	4.74938E-07	-43.08483233	7.686067331	0	0	4.74938E-07	-1483.084832
745991.984	745991.984	3.29983E-07	-135.2954629	7.686067331	0	0	3.29983E-07	-1575.295463
746192.3848	746192.3848	4.67862E-07	-47.8949574	7.686067331	0	0	4.67862E-07	-1487.894957
746392.7856	746392.7856	4.94829E-07	-75.44846514	7.686067331	0	0	4.94829E-07	-1515.448465
746593.1864	746593.1864	3.36323E-07	5.497769521	7.686067331	0	0	3.36323E-07	-1434.50223
746793.5872	746793.5872	7.94918E-07	-48.35487316	7.686067331	0	0	7.94918E-07	-1488.354873
746993.988	746993.988	1.08147E-06	-23.46078868	7.686067331	0	0	1.08147E-06	-1463.460789
747194.3888	747194.3888	1.0251E-06	-56.81613224	7.686067331	0	0	1.0251E-06	-1496.816132
747394.7896	747394.7896	8.40041E-07	-64.03617445	7.686067331	0	0	8.40041E-07	-1504.036174
747595.1904	747595.1904	1.57688E-06	-64.82258889	7.686067331	0	0	1.57688E-06	-1504.822589
747795.5912	747795.5912	1.10867E-06	-91.00835709	7.686067331	0	0	1.10867E-06	-1531.008357
747995.992	747995.992	7.48617E-07	-83.4496223	7.686067331	0	0	7.48617E-07	-1523.449622
748196.3928	748196.3928	7.14615E-07	-95.55604328	7.686067331	0	0	7.14615E-07	-1535.556043
748396.7936	748396.7936	9.93465E-07	-69.90292465	7.686067331	0	0	9.93465E-07	-1509.902925
748597.1944	748597.1944	9.87053E-07	-88.1275571	7.686067331	0	0	9.87053E-07	-1528.127557
748797.5952	748797.5952	1.16143E-06	-143.3935435	7.686067331	0	0	1.16143E-06	-1583.393543
748997.996	748997.996	1.25948E-06	-86.81360683	7.686067331	0	0	1.25948E-06	-1526.813607
749198.3968	749198.3968	1.25844E-06	-100.0821616	7.686067331	0	0	1.25844E-06	-1540.082162
749398.7976	749398.7976	1.25434E-06	-111.1512152	7.686067331	0	0	1.25434E-06	-1551.151215
749599.1984	749599.1984	7.65355E-07	-101.9090092	7.686067331	0	0	7.65355E-07	-1541.909009
749799.5992	749799.5992	1.31786E-06	-119.6051832	7.686067331	0	0	1.31786E-06	-1559.605183
750000	750000	3.61667E-07	-65.6733643	7.686067331	0	0	3.61667E-07	-1505.673364
